60
1 2 3 4 17 44 95 143 
5 6 7 8 11 16 47 115 210 
9 10 15 18 81 139 
12 13 14 19 82 
20 21 22 23 24 25 26 27 43 70 127 278 
28 29 30 31 35 65 128 307 
32 33 34 46 108 274 
36 37 38 42 73 137 265 
39 51 116 
40 59 114 140 198 289 
41 64 120 159 305 
45 72 93 119 173 236 
48 49 50 55 56 75 99 123 190 268 
52 53 54 68 69 94 142 209 310 
57 58 79 109 134 224 
60 61 62 63 80 138 306 
66 67 86 122 151 229 309 
71 88 133 166 273 
74 91 136 194 250 
76 77 78 92 102 126 207 311 
83 84 85 103 158 223 
87 107 160 
89 90 98 106 121 165 230 
96 97 101 112 117 156 189 241 
100 105 118 135 177 256 
104 113 150 172 235 
110 111 125 163 213 304 
124 162 164 188 197 246 
129 141 193 228 288 
130 131 132 171 206 277 
144 203 301 
145 146 147 148 149 183 212 263 
152 153 154 155 181 182 222 272 
157 208 264 
161 169 170 191 216 284 
167 168 175 176 202 234 308 
174 201 221 267 
178 179 180 205 240 
184 185 186 187 227 276 
192 233 283 
195 196 211 249 303 
199 200 215 232 275 
204 220 245 293 
214 248 257 314 
217 218 219 255 
225 226 271 287 
231 239 282 318 
237 238 247 286 313 
242 243 244 254 300 
251 252 253 261 
258 259 260 262 
266 
269 270 297 
279 280 281 298 299 
285 
290 291 292 
294 295 296 
302 
312 
315 316 317 

57
1 2 3 4 
5 6 7 10 39 128 
8 9 14 69 
11 12 13 22 106 
15 16 38 90 192 
17 36 45 105 253 
18 19 33 37 65 121 
20 21 44 64 165 256 
23 24 25 26 63 97 
27 28 43 55 73 111 
29 30 31 32 54 60 82 166 
34 35 59 62 110 133 
40 41 42 66 79 179 
46 47 61 67 85 89 187 225 
48 49 68 109 
50 51 52 53 71 72 88 104 211 
56 57 58 74 117 252 
70 78 81 120 169 
75 76 77 94 115 132 164 
80 84 96 125 199 267 
83 87 108 127 255 
86 95 116 149 
91 92 93 101 102 124 137 177 224 
98 99 103 119 160 200 
100 112 113 114 129 174 210 
107 126 161 
118 123 143 153 223 
122 131 135 144 221 
130 136 148 171 
134 140 147 155 182 238 
138 139 142 152 178 
141 151 158 159 186 205 
145 146 156 229 
150 154 168 184 266 
157 162 163 170 191 
167 195 217 
172 173 209 234 
175 176 216 254 
180 181 185 233 242 
183 194 250 
188 189 190 196 
193 197 
198 
201 215 
202 203 204 220 
206 207 208 227 235 
212 213 214 228 
218 219 222 261 265 
226 264 
230 231 232 
236 237 
239 240 241 245 
243 244 248 
246 247 251 
249 
257 258 259 260 268 269 
262 263 

53
1 2 19 
3 9 10 45 
4 5 6 7 8 13 69 140 
11 12 27 44 103 
14 15 16 17 18 31 125 196 
20 21 23 30 38 81 92 
22 25 26 34 58 68 
24 28 42 56 195 
29 37 43 159 
32 33 41 55 64 225 
35 36 48 59 211 
39 40 46 131 204 
47 50 57 74 83 181 
49 63 78 99 121 
51 52 53 54 67 82 139 212 
60 61 62 77 85 108 150 
65 66 72 73 86 91 120 167 
70 71 84 87 115 164 
75 76 90 109 
79 80 102 134 
88 89 94 95 130 187 
93 97 98 149 228 
96 106 107 126 179 
100 101 123 124 192 
104 105 113 114 132 133 250 
110 111 112 118 119 144 216 
116 117 136 142 202 
122 141 154 186 
127 128 129 163 
135 147 148 178 
137 138 166 
143 173 194 
145 146 153 158 219 
151 152 157 162 200 210 
155 156 161 165 218 
160 169 170 227 
168 171 172 233 
174 175 176 177 203 249 
180 215 
182 183 226 238 
184 185 239 
188 189 190 191 
193 201 
197 198 199 205 217 
206 207 208 209 224 
213 214 242 
220 223 232 
221 222 231 235 
229 230 237 243 
234 236 248 
240 247 
241 246 
244 245 

56
1 2 3 5 6 19 110 
4 7 8 54 171 
9 10 11 12 13 14 64 109 267 
15 16 17 18 30 90 224 
20 21 22 23 27 28 40 57 150 
24 25 26 29 32 98 
31 42 56 97 212 
33 34 35 41 55 100 185 
36 37 38 39 49 63 118 282 
43 44 53 89 204 
45 46 47 48 70 101 223 
50 51 52 96 170 
58 59 60 61 62 68 88 107 156 247 
65 66 67 69 108 205 
71 72 73 74 75 76 133 161 255 
77 78 79 80 81 95 138 197 
82 83 84 99 106 128 228 
85 86 87 94 104 144 215 
91 92 93 103 117 151 222 
102 116 121 137 167 297 
105 127 149 250 
111 112 113 114 115 120 146 246 
119 132 155 253 
122 123 126 141 203 
124 125 131 148 159 184 237 268 
129 130 136 160 254 
134 135 142 166 251 
139 140 154 165 189 260 
143 169 211 
145 176 227 
147 164 175 196 266 
152 153 174 178 202 273 
157 158 168 187 198 226 
162 163 177 188 218 298 
172 173 180 183 210 296 
179 182 195 221 
181 193 245 281 
186 208 213 240 
190 191 214 257 
192 216 217 248 
194 201 230 264 
199 200 207 219 220 236 249 288 
206 209 234 300 
225 244 252 
229 256 271 
231 232 233 259 
235 263 280 
238 239 265 
241 242 243 272 
258 
261 262 286 291 
269 270 287 
274 275 279 289 
276 277 278 290 
283 284 285 295 
292 293 294 299 

52
1 4 45 
2 3 24 
5 11 35 112 
6 10 15 29 103 
7 8 9 17 44 
12 13 14 16 43 155 
18 19 20 59 
21 22 23 34 77 
25 26 27 69 
28 56 99 
30 31 32 33 74 205 
36 37 38 39 66 138 
40 41 42 68 179 
46 47 48 80 208 
49 50 54 86 144 
51 52 53 55 62 63 102 189 
57 58 92 
60 61 65 67 109 
64 72 73 111 
70 71 75 76 130 
78 79 149 
81 82 83 154 193 
84 85 98 108 194 
87 143 171 
88 91 185 
89 90 94 169 209 
93 101 170 
95 96 97 106 142 204 
100 110 178 
104 105 137 158 
107 114 146 184 
113 116 177 
115 121 183 
117 118 129 191 
119 120 127 188 
122 123 126 136 190 
124 125 128 148 
131 132 133 153 198 
134 135 141 147 162 
139 140 145 157 203 
150 151 152 164 192 
156 161 165 201 
159 160 163 176 
166 200 
167 168 207 
172 173 174 175 211 
180 181 182 
186 187 
195 196 197 
199 206 
202 
210 

49
1 2 3 10 11 258 
4 5 8 9 60 
6 7 12 
13 14 15 16 17 18 19 33 69 172 
20 21 32 58 71 116 223 
22 23 24 25 26 27 28 29 66 103 216 
30 31 44 67 151 
34 35 59 112 222 
36 37 42 43 52 70 102 169 208 
38 39 40 41 45 68 85 158 269 
46 47 56 65 84 115 182 271 
48 49 50 51 57 76 130 233 
53 54 55 64 75 150 187 280 
61 62 63 74 110 129 171 227 
72 73 82 83 93 113 156 202 268 
77 87 134 186 279 
78 79 80 81 91 92 109 128 170 212 
86 101 139 191 232 
88 89 90 95 100 111 152 207 
94 99 106 126 168 215 
96 97 98 105 108 120 125 138 164 213 250 
104 114 157 211 
107 121 133 149 198 221 
117 118 119 124 137 143 155 205 236 
122 123 127 148 173 197 257 
131 132 141 146 163 194 251 
135 136 142 147 174 220 255 
140 145 162 180 190 240 267 
144 154 181 237 
153 167 188 231 263 
159 160 161 166 175 184 196 210 278 
165 176 185 206 270 
177 178 179 189 201 225 230 
183 195 200 214 286 
192 193 204 235 239 
199 209 224 262 
203 219 244 277 
217 218 226 
228 229 249 285 
234 238 256 
241 242 243 254 
245 284 
246 247 248 259 261 273 290 
252 253 266 274 
260 265 276 
264 272 
275 282 283 
281 289 
287 288 

51
1 2 3 4 7 8 12 216 
5 6 10 11 20 37 85 
9 14 21 38 
13 15 28 53 
16 17 18 19 23 110 
22 31 48 105 
24 25 26 27 40 41 84 178 
29 30 34 39 67 126 
32 33 35 52 144 
36 65 
42 46 123 
43 44 45 47 104 139 
49 50 51 70 93 244 
54 55 56 57 58 59 132 215 
60 61 62 63 64 138 227 
66 74 90 143 
68 69 77 109 254 
71 72 73 81 83 116 142 
75 76 89 122 261 
78 79 80 82 94 125 167 
86 87 88 121 137 228 
91 92 98 225 
95 96 97 101 102 107 108 115 177 229 
99 100 103 140 185 
106 112 166 194 
111 124 141 153 180 234 
113 114 131 159 191 
117 118 119 120 136 176 242 
127 128 129 130 135 175 221 
133 134 146 148 157 214 265 
145 147 152 158 193 245 
149 150 151 156 165 186 243 
154 155 161 162 171 203 
160 164 179 202 253 
163 169 170 190 224 
168 184 218 
172 173 174 197 241 
181 182 183 206 260 
187 188 189 212 213 252 
192 226 
195 196 217 222 259 
198 199 200 201 220 
204 205 223 
207 208 209 210 211 233 
219 235 251 
230 231 232 250 
236 237 238 239 240 
246 247 248 249 258 
255 256 257 262 
263 264 
266 

67
1 2 3 4 24 
5 6 7 
8 9 16 46 68 
10 23 
11 17 22 62 
12 13 14 15 35 75 
18 19 20 21 25 45 67 282 
26 27 28 42 51 81 
29 32 50 61 107 
30 31 33 34 56 144 
36 37 38 39 60 87 
40 41 43 44 66 95 236 
47 48 49 69 80 161 270 
52 74 133 
53 54 55 59 86 108 
57 58 70 130 203 
63 64 65 79 106 
71 72 73 101 115 
76 77 78 94 112 
82 83 84 85 105 126 
88 89 109 
90 91 92 93 111 123 143 268 
96 97 98 114 129 
99 100 125 173 
102 103 104 119 131 164 281 
110 122 160 
113 128 176 
116 117 118 132 219 
120 121 134 237 
124 137 191 269 
127 140 244 
135 136 148 168 243 
138 139 159 207 
141 142 172 257 
145 146 147 175 196 267 
149 150 151 183 
152 153 158 192 
154 155 156 157 163 202 
162 171 181 201 
165 166 167 178 247 
169 170 174 187 223 280 
177 198 
179 180 190 232 
182 197 226 
184 185 186 195 208 250 
188 189 200 217 231 
193 194 206 249 
199 209 
204 205 213 255 
210 211 212 216 224 275 
214 215 218 263 
220 221 222 235 
225 
227 228 229 286 
230 
233 234 242 
238 239 240 248 274 
241 246 254 
245 253 256 
251 252 260 
258 259 266 
261 262 279 
264 265 
271 272 
273 
276 277 278 
283 284 285 

63
1 4 28 
2 3 11 32 173 
5 6 10 20 41 
7 15 33 
8 9 19 27 66 
12 13 14 23 42 
16 17 18 26 31 60 160 
21 22 48 151 
24 25 30 37 75 
29 36 40 73 
34 35 39 45 77 
38 44 49 87 
43 50 81 177 
46 47 53 86 181 
51 52 54 97 195 
55 56 57 58 59 91 
61 107 
62 63 65 167 
64 72 85 106 
67 68 69 70 74 172 
71 76 95 131 
78 79 92 109 
80 138 220 
82 83 100 232 
84 89 90 150 231 
88 93 94 96 104 190 
98 99 121 199 
101 102 103 127 
105 136 
108 144 
110 111 112 113 118 149 
114 115 116 117 120 171 
119 126 194 
122 123 124 130 176 
125 135 180 
128 129 143 189 
132 133 148 158 205 
134 152 
137 154 
139 159 
140 141 142 163 213 
145 146 147 182 
153 170 225 
155 156 157 166 
161 162 165 198 
164 179 204 
168 169 184 
174 175 183 209 
178 185 238 
186 187 188 236 
191 192 193 
196 197 228 
200 201 
202 203 
206 207 208 216 
210 211 212 
214 215 219 
217 218 224 
221 222 223 237 
226 227 230 
229 234 
233 
235 

