2
5 2 
1 3 4 6 

0

0

57
258 144 167 118 222 31 38 
202 88 82 45 46 47 
228 61 
143 89 66 42 43 64 69 
182 33 17 224 197 77 
249 79 41 65 80 
210 154 95 67 84 85 
267 125 90 91 92 
260 83 99 
117 114 163 256 120 
261 252 253 129 
71 48 137 
227 108 109 110 140 
244 168 147 
187 116 21 22 1 2 75 76 150 
166 151 
271 123 94 78 8 9 207 159 
170 57 58 53 54 160 
205 105 106 107 164 
26 3 4 5 6 24 25 68 173 
225 212 199 32 174 
265 204 51 29 60 175 
241 59 97 98 115 177 
165 72 73 7 44 149 178 
266 188 133 134 135 255 10 11 181 
229 184 39 40 23 30 191 
185 130 131 192 
193 217 162 195 
209 102 196 
142 100 101 171 198 
153 145 146 141 200 
136 124 96 152 208 
122 56 34 35 36 37 128 213 
272 230 189 190 86 87 15 16 214 
161 112 113 127 180 215 
155 62 63 138 139 148 216 
250 218 179 221 
219 223 
186 157 158 234 
183 132 52 49 14 236 
203 240 238 
237 232 245 
111 268 220 284 74 246 
239 247 
259 156 121 172 248 
235 226 251 
242 233 254 
93 81 50 119 257 
263 264 
243 194 262 270 
273 274 275 
276 
104 103 277 
70 55 12 13 126 279 
278 269 280 
27 28 231 206 169 281 282 
201 211 18 19 20 176 283 

53
55 8 9 10 11 12 
275 155 224 225 14 15 
106 107 108 69 66 30 31 46 23 24 
32 1 2 3 49 71 72 
220 177 129 13 85 
180 73 34 35 36 37 86 
261 47 45 88 
64 65 163 237 4 5 38 89 
191 63 58 59 92 93 94 
157 126 127 128 
210 211 139 143 144 134 
56 57 294 60 135 
152 67 68 29 27 28 150 
274 158 159 164 165 
295 118 96 97 167 
53 54 48 61 62 87 201 172 
78 79 80 81 111 176 
215 102 103 104 110 185 
231 173 187 188 
194 195 196 197 160 189 
170 124 70 116 140 190 
298 277 278 101 202 
168 169 137 125 100 112 205 
136 74 75 76 77 206 
117 181 182 154 115 183 184 209 
130 192 193 82 83 84 166 214 
223 138 174 217 218 
269 141 142 156 219 
33 17 18 19 105 208 230 
254 43 44 133 239 
241 234 240 
232 145 146 212 213 247 248 
276 221 249 
39 20 243 250 
293 251 252 
281 131 245 246 204 256 
257 258 259 
285 51 52 244 132 203 222 260 
242 186 119 120 121 122 263 
161 50 21 22 151 264 
253 207 171 175 255 265 
153 91 235 238 266 
282 283 284 267 
123 114 109 147 148 268 
296 40 41 42 178 179 273 
90 25 26 271 272 279 
270 216 236 95 280 
286 287 288 
233 226 227 228 229 262 289 
113 16 6 7 290 
297 291 292 
162 98 99 299 
199 200 149 198 300 

49
61 31 13 14 15 
179 180 202 2 24 
3 4 5 6 7 29 
45 46 32 33 52 53 
159 86 117 149 111 23 67 
140 115 69 72 78 
244 130 228 11 12 44 79 
68 60 71 82 
185 205 200 27 28 83 
197 56 57 91 
174 167 96 
198 199 127 144 70 99 100 
123 124 101 
243 40 41 42 39 109 
188 152 104 105 118 
235 153 154 90 119 
175 169 186 173 191 129 
241 176 177 161 138 
184 93 94 26 43 55 147 
220 166 189 229 148 
170 171 143 150 
142 80 95 108 157 
172 146 232 158 
139 35 36 37 38 240 250 212 163 
106 107 49 131 155 156 164 
203 63 64 65 132 182 
8 9 10 210 211 187 
209 92 47 48 192 
168 141 84 85 59 66 88 195 
204 238 190 230 178 196 
223 122 206 
193 194 207 
165 221 133 162 145 125 208 
102 103 97 112 134 213 
17 18 19 20 1 77 98 215 
151 120 121 54 50 51 113 216 
30 62 25 201 181 219 
236 160 116 128 81 227 
126 58 21 22 214 231 
135 136 137 233 
222 217 218 234 
239 
242 
245 
237 246 247 
183 73 74 75 76 87 248 
249 
224 225 226 251 
114 110 16 34 89 252 

57
112 108 56 16 17 18 
222 234 15 24 
194 128 143 6 45 
113 46 47 48 49 
99 2 3 4 60 
159 65 66 67 
68 69 77 
249 75 155 85 86 87 
185 186 167 58 94 
181 34 35 1 62 63 102 
33 28 52 53 54 106 
114 115 
154 135 195 184 79 125 
231 150 100 36 74 131 
173 174 101 134 
242 243 244 151 126 138 
132 73 95 96 120 139 
221 147 90 144 
218 179 152 157 
107 64 19 9 10 11 158 
171 162 
140 57 153 148 164 
97 61 76 80 168 
250 189 175 176 177 
160 111 156 178 
109 83 119 180 
213 187 
169 170 163 188 
190 
183 88 89 127 191 192 
226 116 12 13 14 196 197 
193 71 84 110 198 
227 39 40 41 42 43 199 
121 122 78 59 200 
98 30 31 32 37 38 201 
228 202 
246 247 29 72 92 130 203 
206 207 208 
209 
210 211 
214 215 
182 55 8 7 5 91 217 
117 118 129 219 220 
146 142 223 
204 81 20 21 22 23 224 
161 166 123 124 225 
229 
205 82 145 136 137 230 
149 232 233 
216 235 236 
237 
165 103 50 51 93 238 
212 25 26 27 70 44 239 
172 240 
141 133 104 105 241 
245 248 
251 

53
250 242 243 45 46 
59 189 155 15 16 17 53 54 
20 21 22 227 18 64 
233 82 29 23 65 
96 6 7 8 9 10 11 66 
222 207 208 173 34 77 
12 13 14 5 78 79 
205 178 129 130 142 72 81 
245 2 3 4 19 85 
212 234 218 44 84 90 
1 55 37 158 104 169 92 93 
121 38 39 40 94 95 
206 136 109 110 111 
116 117 118 119 
241 215 196 197 128 
176 181 200 52 131 
112 26 27 24 25 28 91 103 132 
153 231 240 134 135 
165 113 50 51 47 139 
152 145 146 
125 126 127 89 147 
237 163 193 194 150 151 
184 156 
87 57 58 157 
124 83 213 159 
154 108 216 141 161 
214 167 168 
164 144 99 265 266 236 175 
278 224 71 179 
247 166 251 252 106 107 180 
273 100 88 149 133 182 
272 97 75 102 188 
185 74 30 31 76 201 202 
248 239 203 
170 140 123 204 
258 195 192 198 219 220 244 209 
254 255 217 
190 148 238 223 174 221 
210 171 67 68 160 187 226 
191 137 138 225 229 230 
253 246 
260 261 262 
143 120 249 235 267 
183 60 61 62 63 105 268 
162 259 172 177 269 
232 122 98 101 270 
186 199 228 271 
274 275 
211 73 56 256 257 80 276 
41 42 43 32 33 277 
69 70 263 264 281 
48 49 114 115 86 282 
279 280 35 36 283 

56
152 200 25 10 11 12 
264 29 30 31 32 74 131 35 
124 27 28 33 34 68 
278 218 141 176 79 
229 57 58 59 64 4 80 
284 189 144 84 85 86 
125 92 93 227 78 81 82 89 
70 71 72 73 90 91 
95 96 100 
235 50 51 52 104 105 
171 111 123 112 
158 103 115 
199 153 129 121 
101 69 114 183 54 122 
138 19 20 127 
217 179 180 181 87 128 
273 83 36 37 38 39 43 44 132 
143 221 185 186 205 148 
244 182 149 150 151 
208 134 135 168 
286 21 55 56 169 
275 231 175 16 116 170 
242 223 162 174 
46 47 48 209 210 88 177 
233 154 156 197 187 
265 214 155 62 8 9 188 
274 190 167 192 193 194 
230 61 246 222 195 196 
159 160 126 140 157 206 
49 13 14 15 270 260 142 207 
203 204 211 
97 98 99 136 94 173 212 
232 133 102 241 215 216 
106 1 60 220 
202 40 225 161 224 
76 77 3 109 228 
252 234 
285 237 
280 191 238 
110 107 108 243 
245 248 249 250 251 
253 254 255 
239 219 53 67 198 256 
118 23 24 201 269 257 
184 145 146 147 137 258 
236 172 139 130 259 
277 226 163 164 261 
166 120 42 262 
213 119 65 66 263 
178 113 266 267 268 
271 
247 17 18 63 117 272 
165 22 2 276 
45 41 279 282 
281 26 283 
75 5 6 7 240 287 

56
49 41 42 10 11 12 
185 186 166 167 221 77 31 
284 18 19 20 21 34 
97 55 56 57 58 
197 65 33 68 125 64 
216 3 4 2 78 
159 128 60 61 62 8 38 16 79 
94 40 32 85 86 
223 98 99 124 103 
263 264 30 104 105 
276 198 168 118 109 110 
54 247 208 209 17 111 
122 35 36 37 120 
127 59 50 51 52 53 75 121 
115 6 5 63 126 
245 129 66 67 71 72 133 
170 171 137 
149 112 113 114 141 142 
253 254 255 144 145 
282 227 146 147 
184 123 73 74 148 
134 87 88 102 152 153 
229 150 151 158 
203 204 69 7 272 202 164 
230 143 165 
22 23 9 258 183 172 
261 175 
266 218 187 169 176 
281 14 15 181 
177 178 130 182 
138 83 84 131 193 194 
81 82 47 48 189 195 
217 108 199 200 201 
235 206 207 
160 91 92 93 210 
275 224 96 154 155 156 211 
106 39 24 162 163 157 212 
226 283 179 180 214 
95 70 89 90 215 
277 228 233 
205 188 234 
246 231 232 237 238 
257 135 136 119 239 
161 25 26 27 28 29 244 
243 248 249 250 
116 117 45 46 132 251 
267 225 43 44 252 
280 262 219 220 256 
259 
190 191 174 213 196 260 
241 192 80 265 
268 269 
173 242 222 270 
240 107 76 13 1 273 
271 236 274 
139 100 101 140 278 279 

51
22 23 24 25 35 61 
249 190 50 62 63 
88 89 70 57 67 
237 151 163 27 28 68 
256 185 60 69 
6 7 8 9 92 
108 54 36 37 46 93 
167 30 31 32 33 94 
171 97 126 14 80 115 116 
1 2 3 4 66 113 114 117 
181 153 162 53 86 123 
198 186 224 71 124 
227 47 44 149 159 118 128 
216 217 72 73 95 132 
103 90 91 136 
139 55 56 134 135 143 
233 131 155 156 157 
196 43 39 40 158 
220 125 188 164 
221 34 52 29 41 85 165 
238 239 166 
193 170 133 222 223 173 
147 65 83 174 
236 137 112 122 175 
253 120 121 177 
109 182 104 105 96 178 
172 212 179 
10 11 12 13 26 160 180 
148 45 154 187 
168 228 194 195 219 202 191 
184 176 200 
209 210 142 201 
183 59 161 203 
152 141 138 38 74 127 204 
77 78 98 99 205 
218 229 211 244 245 208 
101 102 207 213 
64 51 79 100 214 
140 110 75 76 84 225 
247 248 241 5 15 42 226 
230 
251 234 231 232 
199 235 
189 81 82 240 
252 242 
206 150 106 107 243 
215 87 48 49 58 246 
197 144 145 254 
192 16 17 18 19 20 21 129 255 
257 258 
250 169 119 130 111 146 259 

53
152 170 7 8 9 
49 4 5 6 11 12 13 
33 23 24 21 
151 18 19 38 39 40 
120 102 103 45 46 47 48 
158 22 15 16 27 28 59 
174 107 50 51 58 71 
177 61 226 117 118 125 74 
110 36 37 258 82 
20 237 238 96 93 
88 89 62 56 57 81 101 
106 66 67 90 113 
242 122 99 132 
257 2 3 133 
196 94 95 84 142 
143 114 83 79 80 155 
252 253 240 161 162 
262 263 245 43 52 163 
208 164 165 166 
169 
129 127 230 227 98 180 
218 146 86 87 184 185 
197 186 
247 68 69 70 85 187 
244 10 17 60 188 
144 14 175 130 192 
65 34 35 111 108 135 176 193 
128 115 112 109 194 
44 91 63 73 195 
225 212 198 
157 138 178 179 199 
246 251 26 154 200 201 
126 77 78 64 100 205 
210 145 116 206 
260 53 54 55 25 209 
261 173 215 153 213 
243 159 160 216 
202 123 124 141 217 
137 29 30 31 32 97 221 
75 76 1 150 131 136 183 224 
134 207 140 228 
121 105 189 190 191 229 
211 203 231 
233 232 
234 235 
167 168 236 
248 156 147 148 149 239 
104 222 219 220 241 
172 139 92 254 
181 182 204 255 
249 250 72 119 256 
214 223 259 
171 41 42 264 

53
57 28 4 5 6 17 34 
37 38 1 2 13 55 
223 196 33 61 
244 116 78 76 
201 106 82 87 79 
131 165 42 3 80 
212 135 137 145 92 
95 96 51 32 18 104 105 
231 49 45 242 60 108 
56 27 221 69 120 
211 98 175 71 121 
126 117 118 122 
210 123 124 
128 129 
44 41 19 20 46 119 143 
190 191 188 152 
232 156 
115 58 59 52 90 157 
114 66 215 172 81 173 158 
77 70 64 91 54 159 
241 74 75 144 161 
153 88 14 15 16 162 
194 48 39 36 163 
148 132 89 26 83 186 169 
249 209 202 11 12 170 
164 67 68 166 176 174 
179 180 
238 97 93 94 181 
182 183 184 185 
72 73 177 178 219 141 142 187 
251 189 
214 220 154 192 193 
125 47 250 199 200 
222 160 146 168 203 
139 86 206 207 204 
22 23 253 43 103 208 
62 63 216 
245 246 140 111 151 217 
130 7 113 195 25 53 21 109 218 
247 224 
197 24 110 102 147 225 226 
40 29 227 
65 8 9 10 30 31 228 
229 230 
138 50 239 213 234 
198 149 150 155 136 235 
233 237 
84 85 35 240 
236 243 
133 134 248 
252 
205 127 112 107 254 
171 99 100 101 167 255 

2
5 2 
1 3 4 6 

